Solarganglinie Sued 45 Grad, Leistung Solarsystem [W]
51.470
52.274
54.632
58.382
63.271
68.963
75.072
81.180
86.873
91.761
95.512
97.870
98.674
97.870
95.512
91.761
86.873
81.180
75.072
68.963
63.271
58.382
54.632
52.274
51.538
52.344
54.707
58.465
63.364
69.069
75.191
81.313
87.017
91.916
95.675
98.038
98.844
98.038
95.675
91.916
87.017
81.313
75.191
69.069
63.364
58.465
54.707
52.344
51.601
52.409
54.776
58.543
63.451
69.168
75.302
81.436
87.152
92.061
95.827
98.195
99.003
98.195
95.827
92.061
87.152
81.436
75.302
69.168
63.451
58.543
54.776
52.409
51.660
52.469
54.841
58.615
63.532
69.259
75.405
81.550
87.277
92.195
95.968
98.341
99.150
98.341
95.968
92.195
87.277
81.550
75.405
69.259
63.532
58.615
54.841
52.469
51.714
52.524
54.901
58.681
63.607
69.343
75.500
81.656
87.392
92.318
96.098
98.475
99.285
98.475
96.098
92.318
87.392
81.656
75.500
69.343
63.607
58.681
54.901
52.524
51.764
52.575
54.955
58.741
63.675
69.420
75.586
81.752
87.497
92.431
96.217
98.597
99.409
98.597
96.217
92.431
87.497
81.752
75.586
69.420
63.675
58.741
54.955
52.575
51.808
52.621
55.004
58.796
63.736
69.490
75.665
81.839
87.593
92.534
96.325
98.708
99.521
98.708
96.325
92.534
87.593
81.839
75.665
69.490
63.736
58.796
55.004
52.621
51.849
52.662
55.049
58.845
63.792
69.553
75.735
81.917
87.678
92.625
96.421
98.807
99.621
98.807
96.421
92.625
87.678
81.917
75.735
69.553
63.792
58.845
55.049
52.662
51.884
52.699
55.088
58.888
63.840
69.608
75.797
81.986
87.753
92.706
96.506
98.895
99.710
98.895
96.506
92.706
87.753
81.986
75.797
69.608
63.840
58.888
55.088
52.699
51.915
52.730
55.122
58.925
63.883
69.656
75.851
82.046
87.819
92.776
96.580
98.971
99.787
98.971
96.580
92.776
87.819
82.046
75.851
69.656
63.883
58.925
55.122
52.730
51.941
52.757
55.150
58.957
63.919
69.696
75.896
82.097
87.874
92.836
96.642
99.036
99.852
99.036
96.642
92.836
87.874
82.097
75.896
69.696
63.919
58.957
55.150
52.757
51.962
52.779
55.174
58.983
63.948
69.729
75.934
82.138
87.919
92.884
96.694
99.088
99.905
99.088
96.694
92.884
87.919
82.138
75.934
69.729
63.948
58.983
55.174
52.779
51.979
52.796
55.192
59.003
63.971
69.755
75.963
82.170
87.955
92.922
96.733
99.129
99.947
99.129
96.733
92.922
87.955
82.170
75.963
69.755
63.971
59.003
55.192
52.796
51.991
52.808
55.205
59.018
63.987
69.774
75.983
82.193
87.980
92.949
96.762
99.159
99.976
99.159
96.762
92.949
87.980
82.193
75.983
69.774
63.987
59.018
55.205
52.808
51.998
52.815
55.213
59.027
63.997
69.785
75.996
82.207
87.995
92.965
96.779
99.176
99.994
99.176
96.779
92.965
87.995
82.207
75.996
69.785
63.997
59.027
55.213
52.815
52.000
52.818
55.215
59.029
64.000
69.788
76.000
82.212
88.000
92.971
96.785
99.182
100.000
99.182
96.785
92.971
88.000
82.212
76.000
69.788
64.000
59.029
55.215
52.818
51.998
52.815
55.213
59.027
63.997
69.785
75.996
82.207
87.995
92.965
96.779
99.176
99.994
99.176
96.779
92.965
87.995
82.207
75.996
69.785
63.997
59.027
55.213
52.815
51.991
52.808
55.205
59.018
63.987
69.774
75.983
82.193
87.980
92.949
96.762
99.159
99.976
99.159
96.762
92.949
87.980
82.193
75.983
69.774
63.987
59.018
55.205
52.808
51.979
52.796
55.192
59.003
63.971
69.755
75.963
82.170
87.955
92.922
96.733
99.129
99.947
99.129
96.733
92.922
87.955
82.170
75.963
69.755
63.971
59.003
55.192
52.796
51.962
52.779
55.174
58.983
63.948
69.729
75.934
82.138
87.919
92.884
96.694
99.088
99.905
99.088
96.694
92.884
87.919
82.138
75.934
69.729
63.948
58.983
55.174
52.779
51.941
52.757
55.150
58.957
63.919
69.696
75.896
82.097
87.874
92.836
96.642
99.036
99.852
99.036
96.642
92.836
87.874
82.097
75.896
69.696
63.919
58.957
55.150
52.757
51.915
52.730
55.122
58.925
63.883
69.656
75.851
82.046
87.819
92.776
96.580
98.971
99.787
98.971
96.580
92.776
87.819
82.046
75.851
69.656
63.883
58.925
55.122
52.730
51.884
52.699
55.088
58.888
63.840
69.608
75.797
81.986
87.753
92.706
96.506
98.895
99.710
98.895
96.506
92.706
87.753
81.986
75.797
69.608
63.840
58.888
55.088
52.699
51.849
52.662
55.049
58.845
63.792
69.553
75.735
81.917
87.678
92.625
96.421
98.807
99.621
98.807
96.421
92.625
87.678
81.917
75.735
69.553
63.792
58.845
55.049
52.662
51.808
52.621
55.004
58.796
63.736
69.490
75.665
81.839
87.593
92.534
96.325
98.708
99.521
98.708
96.325
92.534
87.593
81.839
75.665
69.490
63.736
58.796
55.004
52.621
51.764
52.575
54.955
58.741
63.675
69.420
75.586
81.752
87.497
92.431
96.217
98.597
99.409
98.597
96.217
92.431
87.497
81.752
75.586
69.420
63.675
58.741
54.955
52.575
51.714
52.524
54.901
58.681
63.607
69.343
75.500
81.656
87.392
92.318
96.098
98.475
99.285
98.475
96.098
92.318
87.392
81.656
75.500
69.343
63.607
58.681
54.901
52.524
51.660
52.469
54.841
58.615
63.532
69.259
75.405
81.550
87.277
92.195
95.968
98.341
99.150
98.341
95.968
92.195
87.277
81.550
75.405
69.259
63.532
58.615
54.841
52.469
51.601
52.409
54.776
58.543
63.451
69.168
75.302
81.436
87.152
92.061
95.827
98.195
99.003
98.195
95.827
92.061
87.152
81.436
75.302
69.168
63.451
58.543
54.776
52.409
51.538
52.344
54.707
58.465
63.364
69.069
75.191
81.313
87.017
91.916
95.675
98.038
98.844
98.038
95.675
91.916
87.017
81.313
75.191
69.069
63.364
58.465
54.707
52.344
51.470
52.274
54.632
58.382
63.271
68.963
75.072
81.180
86.873
91.761
95.512
97.870
98.674
97.870
95.512
91.761
86.873
81.180
75.072
68.963
63.271
58.382
54.632
52.274
51.397
52.199
54.552
58.294
63.171
68.850
74.945
81.039
86.719
91.595
95.338
97.690
98.492
97.690
95.338
91.595
86.719
81.039
74.945
68.850
63.171
58.294
54.552
52.199
51.320
52.120
54.467
58.200
63.065
68.730
74.810
80.889
86.554
91.419
95.152
97.499
98.299
97.499
95.152
91.419
86.554
80.889
74.810
68.730
63.065
58.200
54.467
52.120
51.238
52.036
54.377
58.100
62.952
68.603
74.667
80.730
86.381
91.233
94.956
97.297
98.095
97.297
94.956
91.233
86.381
80.730
74.667
68.603
62.952
58.100
54.377
52.036
51.152
51.948
54.282
57.995
62.834
68.469
74.516
80.563
86.198
91.036
94.749
97.083
97.880
97.083
94.749
91.036
86.198
80.563
74.516
68.469
62.834
57.995
54.282
51.948
51.061
51.855
54.182
57.884
62.709
68.327
74.357
80.386
86.005
90.830
94.532
96.859
97.653
96.859
94.532
90.830
86.005
80.386
74.357
68.327
62.709
57.884
54.182
51.855
50.966
51.757
54.077
57.768
62.578
68.179
74.190
80.201
85.803
90.612
94.303
96.623
97.415
96.623
94.303
90.612
85.803
80.201
74.190
68.179
62.578
57.768
54.077
51.757
50.866
51.655
53.968
57.647
62.441
68.024
74.016
80.008
85.591
90.385
94.064
96.377
97.166
96.377
94.064
90.385
85.591
80.008
74.016
68.024
62.441
57.647
53.968
51.655
50.762
51.548
53.853
57.520
62.298
67.863
73.834
79.805
85.370
90.148
93.815
96.119
96.906
96.119
93.815
90.148
85.370
79.805
73.834
67.863
62.298
57.520
53.853
51.548
50.654
51.437
53.734
57.388
62.149
67.694
73.644
79.595
85.139
89.901
93.554
95.851
96.635
95.851
93.554
89.901
85.139
79.595
73.644
67.694
62.149
57.388
53.734
51.437
50.541
51.322
53.610
57.250
61.994
67.518
73.447
79.375
84.900
89.644
93.284
95.572
96.353
95.572
93.284
89.644
84.900
79.375
73.447
67.518
61.994
57.250
53.610
51.322
50.424
51.202
53.481
57.107
61.833
67.336
73.242
79.148
84.651
89.377
93.003
95.283
96.060
95.283
93.003
89.377
84.651
79.148
73.242
67.336
61.833
57.107
53.481
51.202
50.303
51.077
53.348
56.959
61.666
67.148
73.030
78.912
84.393
89.100
92.712
94.982
95.757
94.982
92.712
89.100
84.393
78.912
73.030
67.148
61.666
56.959
53.348
51.077
50.177
50.948
53.209
56.806
61.494
66.952
72.810
78.668
84.126
88.814
92.411
94.672
95.443
94.672
92.411
88.814
84.126
78.668
72.810
66.952
61.494
56.806
53.209
50.948
50.047
50.815
53.067
56.648
61.315
66.750
72.583
78.416
83.851
88.518
92.099
94.351
95.118
94.351
92.099
88.518
83.851
78.416
72.583
66.750
61.315
56.648
53.067
50.815
49.913
50.678
52.919
56.485
61.131
66.542
72.349
78.155
83.566
88.212
91.778
94.019
94.784
94.019
91.778
88.212
83.566
78.155
72.349
66.542
61.131
56.485
52.919
50.678
49.775
50.536
52.767
56.316
60.941
66.327
72.107
77.887
83.273
87.898
91.447
93.678
94.438
93.678
91.447
87.898
83.273
77.887
72.107
66.327
60.941
56.316
52.767
50.536
49.633
50.391
52.611
56.143
60.746
66.106
71.858
77.610
82.971
87.574
91.106
93.326
94.083
93.326
91.106
87.574
82.971
77.610
71.858
66.106
60.746
56.143
52.611
50.391
49.487
50.241
52.450
55.964
60.545
65.879
71.602
77.326
82.660
87.240
90.755
92.964
93.718
92.964
90.755
87.240
82.660
77.326
71.602
65.879
60.545
55.964
52.450
50.241
49.337
50.087
52.285
55.781
60.338
65.645
71.340
77.034
82.341
86.898
90.394
92.593
93.342
92.593
90.394
86.898
82.341
77.034
71.340
65.645
60.338
55.781
52.285
50.087
49.183
49.929
52.115
55.593
60.126
65.405
71.070
76.735
82.013
86.546
90.025
92.211
92.957
92.211
90.025
86.546
82.013
76.735
71.070
65.405
60.126
55.593
52.115
49.929
49.025
49.766
51.941
55.401
59.909
65.159
70.793
76.427
81.678
86.186
89.645
91.820
92.562
91.820
89.645
86.186
81.678
76.427
70.793
65.159
59.909
55.401
51.941
49.766
48.863
49.600
51.763
55.203
59.686
64.907
70.510
76.113
81.334
85.817
89.257
91.420
92.157
91.420
89.257
85.817
81.334
76.113
70.510
64.907
59.686
55.203
51.763
49.600
48.697
49.431
51.581
55.001
59.459
64.649
70.220
75.791
80.981
85.439
88.859
91.009
91.743
91.009
88.859
85.439
80.981
75.791
70.220
64.649
59.459
55.001
51.581
49.431
48.528
49.257
51.394
54.794
59.226
64.386
69.923
75.461
80.621
85.053
88.453
90.590
91.319
90.590
88.453
85.053
80.621
75.461
69.923
64.386
59.226
54.794
51.394
49.257
48.355
49.079
51.204
54.583
58.987
64.116
69.620
75.124
80.253
84.658
88.037
90.162
90.886
90.162
88.037
84.658
80.253
75.124
69.620
64.116
58.987
54.583
51.204
49.079
48.178
48.898
51.009
54.367
58.744
63.841
69.311
74.781
79.878
84.254
87.613
89.724
90.444
89.724
87.613
84.254
79.878
74.781
69.311
63.841
58.744
54.367
51.009
48.898
47.997
48.713
50.810
54.147
58.496
63.560
68.995
74.430
79.494
83.843
87.180
89.278
89.993
89.278
87.180
83.843
79.494
74.430
68.995
63.560
58.496
54.147
50.810
48.713
47.813
48.524
50.608
53.923
58.243
63.274
68.673
74.072
79.103
83.423
86.738
88.822
89.533
88.822
86.738
83.423
79.103
74.072
68.673
63.274
58.243
53.923
50.608
48.524
47.626
48.332
50.402
53.694
57.985
62.982
68.345
73.708
78.705
82.996
86.288
88.358
89.064
88.358
86.288
82.996
78.705
73.708
68.345
62.982
57.985
53.694
50.402
48.332
47.435
48.136
50.191
53.461
57.723
62.685
68.011
73.336
78.299
82.560
85.830
87.886
88.587
87.886
85.830
82.560
78.299
73.336
68.011
62.685
57.723
53.461
50.191
48.136
47.240
47.937
49.978
53.224
57.456
62.383
67.671
72.959
77.886
82.117
85.364
87.405
88.101
87.405
85.364
82.117
77.886
72.959
67.671
62.383
57.456
53.224
49.978
47.937
47.043
47.734
49.760
52.983
57.184
62.075
67.325
72.574
77.466
81.666
84.890
86.916
87.607
86.916
84.890
81.666
77.466
72.574
67.325
62.075
57.184
52.983
49.760
47.734
46.842
47.528
49.539
52.738
56.908
61.763
66.973
72.184
77.039
81.208
84.407
86.419
87.105
86.419
84.407
81.208
77.039
72.184
66.973
61.763
56.908
52.738
49.539
47.528
46.638
47.318
49.314
52.489
56.627
61.445
66.616
71.787
76.605
80.743
83.918
85.913
86.594
85.913
83.918
80.743
76.605
71.787
66.616
61.445
56.627
52.489
49.314
47.318
46.430
47.106
49.086
52.236
56.342
61.123
66.253
71.384
76.165
80.270
83.420
85.401
86.076
85.401
83.420
80.270
76.165
71.384
66.253
61.123
56.342
52.236
49.086
47.106
46.220
46.890
48.855
51.980
56.052
60.795
65.885
70.975
75.717
79.790
82.915
84.880
85.550
84.880
82.915
79.790
75.717
70.975
65.885
60.795
56.052
51.980
48.855
46.890
46.007
46.671
48.620
51.719
55.759
60.463
65.511
70.560
75.264
79.304
82.403
84.352
85.016
84.352
82.403
79.304
75.264
70.560
65.511
60.463
55.759
51.719
48.620
46.671
45.790
46.449
48.382
51.456
55.462
60.127
65.133
70.139
74.804
78.810
81.884
83.816
84.475
83.816
81.884
78.810
74.804
70.139
65.133
60.127
55.462
51.456
48.382
46.449
45.571
46.224
48.140
51.188
55.160
59.785
64.749
69.713
74.338
78.310
81.358
83.274
83.927
83.274
81.358
78.310
74.338
69.713
64.749
59.785
55.160
51.188
48.140
46.224
45.349
45.997
47.896
50.917
54.855
59.440
64.360
69.281
73.866
77.804
80.825
82.724
83.372
82.724
80.825
77.804
73.866
69.281
64.360
59.440
54.855
50.917
47.896
45.997
45.124
45.766
47.648
50.643
54.545
59.090
63.967
68.844
73.388
77.291
80.285
82.168
82.810
82.168
80.285
77.291
73.388
68.844
63.967
59.090
54.545
50.643
47.648
45.766
44.896
45.533
47.398
50.365
54.232
58.736
63.568
68.401
72.905
76.772
79.739
81.604
82.241
81.604
79.739
76.772
72.905
68.401
63.568
58.736
54.232
50.365
47.398
45.533
44.666
45.296
47.145
50.084
53.916
58.378
63.166
67.954
72.415
76.247
79.187
81.035
81.665
81.035
79.187
76.247
72.415
67.954
63.166
58.378
53.916
50.084
47.145
45.296
44.433
45.058
46.888
49.800
53.596
58.015
62.758
67.501
71.921
75.716
78.628
80.459
81.083
80.459
78.628
75.716
71.921
67.501
62.758
58.015
53.596
49.800
46.888
45.058
44.198
44.816
46.629
49.514
53.272
57.649
62.346
67.044
71.421
75.179
78.063
79.876
80.495
79.876
78.063
75.179
71.421
67.044
62.346
57.649
53.272
49.514
46.629
44.816
43.960
44.573
46.368
49.224
52.945
57.279
61.930
66.581
70.915
74.637
77.493
79.288
79.901
79.288
77.493
74.637
70.915
66.581
61.930
57.279
52.945
49.224
46.368
44.573
43.720
44.326
46.104
48.931
52.615
56.906
61.510
66.115
70.405
74.090
76.917
78.694
79.300
78.694
76.917
74.090
70.405
66.115
61.510
56.906
52.615
48.931
46.104
44.326
43.478
44.078
45.837
48.635
52.282
56.529
61.086
65.643
69.890
73.537
76.335
78.094
78.694
78.094
76.335
73.537
69.890
65.643
61.086
56.529
52.282
48.635
45.837
44.078
43.233
43.827
45.568
48.337
51.946
56.148
60.658
65.168
69.370
72.979
75.748
77.489
78.083
77.489
75.748
72.979
69.370
65.168
60.658
56.148
51.946
48.337
45.568
43.827
42.986
43.574
45.296
48.036
51.606
55.764
60.226
64.688
68.846
72.417
75.156
76.879
77.466
76.879
75.156
72.417
68.846
64.688
60.226
55.764
51.606
48.036
45.296
43.574
42.738
43.319
45.022
47.732
51.264
55.377
59.791
64.205
68.317
71.849
74.559
76.263
76.844
76.263
74.559
71.849
68.317
64.205
59.791
55.377
51.264
47.732
45.022
43.319
42.487
43.061
44.746
47.426
50.919
54.987
59.352
63.717
67.784
71.277
73.958
75.642
76.217
75.642
73.958
71.277
67.784
63.717
59.352
54.987
50.919
47.426
44.746
43.061
42.234
42.802
44.468
47.118
50.572
54.594
58.910
63.226
67.247
70.701
73.351
75.017
75.585
75.017
73.351
70.701
67.247
63.226
58.910
54.594
50.572
47.118
44.468
42.802
41.980
42.541
44.188
46.808
50.222
54.198
58.464
62.731
66.706
70.121
72.740
74.387
74.949
74.387
72.740
70.121
66.706
62.731
58.464
54.198
50.222
46.808
44.188
42.541
41.723
42.278
43.906
46.495
49.869
53.799
58.016
62.232
66.162
69.536
72.125
73.753
74.308
73.753
72.125
69.536
66.162
62.232
58.016
53.799
49.869
46.495
43.906
42.278
41.465
42.014
43.622
46.180
49.515
53.397
57.564
61.731
65.613
68.948
71.506
73.114
73.663
73.114
71.506
68.948
65.613
61.731
57.564
53.397
49.515
46.180
43.622
42.014
41.205
41.747
43.336
45.864
49.158
52.993
57.110
61.226
65.062
68.355
70.883
72.472
73.014
72.472
70.883
68.355
65.062
61.226
57.110
52.993
49.158
45.864
43.336
41.747
40.944
41.480
43.049
45.545
48.798
52.587
56.652
60.718
64.507
67.760
70.256
71.825
72.361
71.825
70.256
67.760
64.507
60.718
56.652
52.587
48.798
45.545
43.049
41.480
40.682
41.210
42.760
45.225
48.437
52.178
56.193
60.207
63.948
67.161
69.626
71.175
71.704
71.175
69.626
67.161
63.948
60.207
56.193
52.178
48.437
45.225
42.760
41.210
40.418
40.939
42.469
44.903
48.074
51.767
55.731
59.694
63.387
66.559
68.992
70.522
71.044
70.522
68.992
66.559
63.387
59.694
55.731
51.767
48.074
44.903
42.469
40.939
40.152
40.667
42.177
44.579
47.709
51.355
55.266
59.178
62.823
65.954
68.356
69.865
70.380
69.865
68.356
65.954
62.823
59.178
55.266
51.355
47.709
44.579
42.177
40.667
39.886
40.394
41.884
44.254
47.343
50.940
54.800
58.660
62.257
65.346
67.716
69.206
69.714
69.206
67.716
65.346
62.257
58.660
54.800
50.940
47.343
44.254
41.884
40.394
39.618
40.119
41.589
43.927
46.975
50.523
54.331
58.139
61.688
64.735
67.073
68.543
69.045
68.543
67.073
64.735
61.688
58.139
54.331
50.523
46.975
43.927
41.589
40.119
39.349
39.844
41.293
43.599
46.605
50.105
53.861
57.617
61.117
64.122
66.428
67.878
68.373
67.878
66.428
64.122
61.117
57.617
53.861
50.105
46.605
43.599
41.293
39.844
39.079
39.567
40.996
43.270
46.234
49.685
53.389
57.092
60.543
63.507
65.781
67.210
67.698
67.210
65.781
63.507
60.543
57.092
53.389
49.685
46.234
43.270
40.996
39.567
38.809
39.289
40.698
42.940
45.862
49.264
52.915
56.566
59.968
62.890
65.131
66.541
67.021
66.541
65.131
62.890
59.968
56.566
52.915
49.264
45.862
42.940
40.698
39.289
38.537
39.011
40.400
42.609
45.488
48.841
52.440
56.038
59.391
62.270
64.480
65.869
66.342
65.869
64.480
62.270
59.391
56.038
52.440
48.841
45.488
42.609
40.400
39.011
38.265
38.731
40.100
42.277
45.114
48.418
51.963
55.509
58.812
61.649
63.826
65.195
65.662
65.195
63.826
61.649
58.812
55.509
51.963
48.418
45.114
42.277
40.100
38.731
37.992
38.451
39.799
41.944
44.739
47.993
51.485
54.978
58.232
61.027
63.171
64.519
64.979
64.519
63.171
61.027
58.232
54.978
51.485
47.993
44.739
41.944
39.799
38.451
37.718
38.171
39.498
41.610
44.362
47.567
51.007
54.446
57.651
60.403
62.515
63.842
64.295
63.842
62.515
60.403
57.651
54.446
51.007
47.567
44.362
41.610
39.498
38.171
37.444
37.890
39.197
41.276
43.986
47.141
50.527
53.913
57.069
59.778
61.857
63.164
63.610
63.164
61.857
59.778
57.069
53.913
50.527
47.141
43.986
41.276
39.197
37.890
37.170
37.608
38.895
40.941
43.608
46.714
50.047
53.380
56.485
59.152
61.199
62.485
62.924
62.485
61.199
59.152
56.485
53.380
50.047
46.714
43.608
40.941
38.895
37.608
36.895
37.326
38.592
40.606
43.230
46.286
49.566
52.845
55.901
58.525
60.539
61.805
62.237
61.805
60.539
58.525
55.901
52.845
49.566
46.286
43.230
40.606
38.592
37.326
36.620
37.044
38.290
40.270
42.852
45.858
49.084
52.310
55.317
57.898
59.879
61.124
61.549
61.124
59.879
57.898
55.317
52.310
49.084
45.858
42.852
40.270
38.290
37.044
36.344
36.762
37.987
39.935
42.473
45.430
48.602
51.775
54.732
57.270
59.218
60.443
60.861
60.443
59.218
57.270
54.732
51.775
48.602
45.430
42.473
39.935
37.987
36.762
36.069
36.480
37.683
39.599
42.095
45.001
48.120
51.240
54.146
56.642
58.558
59.761
60.172
59.761
58.558
56.642
54.146
51.240
48.120
45.001
42.095
39.599
37.683
36.480
35.793
36.197
37.380
39.263
41.716
44.573
47.639
50.704
53.561
56.014
57.897
59.080
59.484
59.080
57.897
56.014
53.561
50.704
47.639
44.573
41.716
39.263
37.380
36.197
35.518
35.915
37.077
38.927
41.337
44.144
47.157
50.169
52.976
55.386
57.236
58.399
58.795
58.399
57.236
55.386
52.976
50.169
47.157
44.144
41.337
38.927
37.077
35.915
35.243
35.632
36.774
38.591
40.959
43.716
46.675
49.634
52.391
54.759
56.576
57.718
58.107
57.718
56.576
54.759
52.391
49.634
46.675
43.716
40.959
38.591
36.774
35.632
34.968
35.350
36.472
38.256
40.581
43.288
46.194
49.099
51.807
54.132
55.916
57.037
57.420
57.037
55.916
54.132
51.807
49.099
46.194
43.288
40.581
38.256
36.472
35.350
34.693
35.069
36.170
37.921
40.203
42.861
45.713
48.565
51.223
53.505
55.257
56.357
56.733
56.357
55.257
53.505
51.223
48.565
45.713
42.861
40.203
37.921
36.170
35.069
34.419
34.787
35.868
37.586
39.826
42.434
45.233
48.032
50.640
52.880
54.598
55.679
56.047
55.679
54.598
52.880
50.640
48.032
45.233
42.434
39.826
37.586
35.868
34.787
34.145
34.507
35.566
37.252
39.449
42.008
44.754
47.500
50.058
52.255
53.941
55.001
55.363
55.001
53.941
52.255
50.058
47.500
44.754
42.008
39.449
37.252
35.566
34.507
33.872
34.226
35.266
36.919
39.074
41.583
44.276
46.968
49.477
51.632
53.286
54.325
54.679
54.325
53.286
51.632
49.477
46.968
44.276
41.583
39.074
36.919
35.266
34.226
33.599
33.947
34.966
36.586
38.699
41.159
43.798
46.438
48.898
51.010
52.631
53.650
53.998
53.650
52.631
51.010
48.898
46.438
43.798
41.159
38.699
36.586
34.966
33.947
33.327
33.668
34.666
36.255
38.325
40.736
43.323
45.910
48.320
50.390
51.979
52.977
53.318
52.977
51.979
50.390
48.320
45.910
43.323
40.736
38.325
36.255
34.666
33.668
33.056
33.390
34.368
35.924
37.952
40.314
42.848
45.382
47.744
49.772
51.328
52.306
52.640
52.306
51.328
49.772
47.744
45.382
42.848
40.314
37.952
35.924
34.368
33.390
32.786
33.112
34.070
35.594
37.580
39.893
42.375
44.857
47.170
49.156
50.680
51.638
51.964
51.638
50.680
49.156
47.170
44.857
42.375
39.893
37.580
35.594
34.070
33.112
32.516
32.836
33.774
35.266
37.210
39.474
41.904
44.333
46.597
48.542
50.033
50.971
51.291
50.971
50.033
48.542
46.597
44.333
41.904
39.474
37.210
35.266
33.774
32.836
32.248
32.561
33.479
34.939
36.841
39.057
41.434
43.812
46.027
47.930
49.390
50.307
50.620
50.307
49.390
47.930
46.027
43.812
41.434
39.057
36.841
34.939
33.479
32.561
31.981
32.287
33.185
34.613
36.474
38.641
40.967
43.292
45.460
47.321
48.749
49.646
49.952
49.646
48.749
47.321
45.460
43.292
40.967
38.641
36.474
34.613
33.185
32.287
31.715
32.014
32.892
34.288
36.108
38.227
40.501
42.775
44.894
46.714
48.110
48.988
49.287
48.988
48.110
46.714
44.894
42.775
40.501
38.227
36.108
34.288
32.892
32.014
31.450
31.743
32.601
33.966
35.744
37.815
40.038
42.261
44.332
46.110
47.475
48.333
48.626
48.333
47.475
46.110
44.332
42.261
40.038
37.815
35.744
33.966
32.601
31.743
31.187
31.473
32.311
33.644
35.382
37.406
39.577
41.749
43.772
45.510
46.843
47.681
47.967
47.681
46.843
45.510
43.772
41.749
39.577
37.406
35.382
33.644
32.311
31.473
30.925
31.204
32.023
33.325
35.022
36.998
39.119
41.239
43.215
44.912
46.215
47.033
47.312
47.033
46.215
44.912
43.215
41.239
39.119
36.998
35.022
33.325
32.023
31.204
30.664
30.937
31.736
33.007
34.664
36.593
38.663
40.733
42.662
44.319
45.590
46.389
46.661
46.389
45.590
44.319
42.662
40.733
38.663
36.593
34.664
33.007
31.736
30.937
30.406
30.672
31.451
32.691
34.308
36.190
38.210
40.230
42.112
43.728
44.969
45.748
46.014
45.748
44.969
43.728
42.112
40.230
38.210
36.190
34.308
32.691
31.451
30.672
30.148
30.408
31.168
32.378
33.954
35.790
37.760
39.730
41.565
43.142
44.351
45.112
45.371
45.112
44.351
43.142
41.565
39.730
37.760
35.790
33.954
32.378
31.168
30.408
29.893
30.146
30.887
32.066
33.603
35.392
37.313
39.233
41.023
42.559
43.738
44.480
44.732
44.480
43.738
42.559
41.023
39.233
37.313
35.392
33.603
32.066
30.887
30.146
29.639
29.886
30.608
31.757
33.254
34.998
36.869
38.740
40.484
41.981
43.130
43.852
44.098
43.852
43.130
41.981
40.484
38.740
36.869
34.998
33.254
31.757
30.608
29.886
29.388
29.627
30.331
31.450
32.908
34.606
36.428
38.250
39.949
41.407
42.526
43.229
43.469
43.229
42.526
41.407
39.949
38.250
36.428
34.606
32.908
31.450
30.331
29.627
29.138
29.371
30.056
31.145
32.564
34.217
35.991
37.765
39.418
40.837
41.926
42.611
42.844
42.611
41.926
40.837
39.418
37.765
35.991
34.217
32.564
31.145
30.056
29.371
28.890
29.117
29.783
30.843
32.224
33.832
35.557
37.283
38.891
40.272
41.332
41.998
42.225
41.998
41.332
40.272
38.891
37.283
35.557
33.832
32.224
30.843
29.783
29.117
28.644
28.865
29.513
30.543
31.886
33.450
35.127
36.805
38.369
39.712
40.742
41.390
41.611
41.390
40.742
39.712
38.369
36.805
35.127
33.450
31.886
30.543
29.513
28.865
28.401
28.615
29.245
30.246
31.551
33.071
34.701
36.332
37.852
39.157
40.158
40.787
41.002
40.787
40.158
39.157
37.852
36.332
34.701
33.071
31.551
30.246
29.245
28.615
28.160
28.368
28.979
29.952
31.219
32.695
34.279
35.863
37.339
38.606
39.579
40.190
40.399
40.190
39.579
38.606
37.339
35.863
34.279
32.695
31.219
29.952
28.979
28.368
27.921
28.123
28.716
29.661
30.891
32.324
33.861
35.399
36.831
38.062
39.006
39.599
39.802
39.599
39.006
38.062
36.831
35.399
33.861
32.324
30.891
29.661
28.716
28.123
27.684
27.880
28.456
29.372
30.566
31.956
33.447
34.939
36.329
37.522
38.438
39.014
39.210
39.014
38.438
37.522
36.329
34.939
33.447
31.956
30.566
29.372
28.456
27.880
27.450
27.640
28.199
29.087
30.244
31.591
33.038
34.484
35.831
36.989
37.877
38.435
38.625
38.435
37.877
36.989
35.831
34.484
33.038
31.591
30.244
29.087
28.199
27.640
27.219
27.403
27.944
28.804
29.925
31.231
32.632
34.034
35.339
36.461
37.321
37.862
38.046
37.862
37.321
36.461
35.339
34.034
32.632
31.231
29.925
28.804
27.944
27.403
26.990
27.168
27.692
28.525
29.611
30.875
32.232
33.589
34.853
35.939
36.772
37.295
37.474
37.295
36.772
35.939
34.853
33.589
32.232
30.875
29.611
28.525
27.692
27.168
26.763
26.936
27.443
28.249
29.300
30.523
31.836
33.149
34.372
35.423
36.229
36.735
36.908
36.735
36.229
35.423
34.372
33.149
31.836
30.523
29.300
28.249
27.443
26.936
26.540
26.707
27.197
27.976
28.992
30.175
31.445
32.714
33.897
34.913
35.692
36.182
36.350
36.182
35.692
34.913
33.897
32.714
31.445
30.175
28.992
27.976
27.197
26.707
26.319
26.481
26.954
27.707
28.689
29.832
31.058
32.285
33.428
34.410
35.163
35.636
35.798
35.636
35.163
34.410
33.428
32.285
31.058
29.832
28.689
27.707
26.954
26.481
26.101
26.257
26.714
27.442
28.389
29.493
30.677
31.862
32.965
33.913
34.640
35.097
35.253
35.097
34.640
33.913
32.965
31.862
30.677
29.493
28.389
27.442
26.714
26.257
25.886
26.037
26.478
27.179
28.094
29.158
30.301
31.444
32.508
33.423
34.124
34.565
34.716
34.565
34.124
33.423
32.508
31.444
30.301
29.158
28.094
27.179
26.478
26.037
25.674
25.819
26.245
26.921
27.802
28.829
29.930
31.032
32.058
32.940
33.616
34.041
34.186
34.041
33.616
32.940
32.058
31.032
29.930
28.829
27.802
26.921
26.245
25.819
25.466
25.605
26.015
26.666
27.515
28.504
29.565
30.626
31.614
32.463
33.115
33.524
33.664
33.524
33.115
32.463
31.614
30.626
29.565
28.504
27.515
26.666
26.015
25.605
25.260
25.394
25.788
26.415
27.232
28.184
29.205
30.226
31.177
31.994
32.621
33.015
33.150
33.015
32.621
31.994
31.177
30.226
29.205
28.184
27.232
26.415
25.788
25.394
25.057
25.187
25.565
26.168
26.954
27.869
28.850
29.832
30.747
31.532
32.135
32.514
32.643
32.514
32.135
31.532
30.747
29.832
28.850
27.869
26.954
26.168
25.565
25.187
24.858
24.982
25.346
25.925
26.680
27.558
28.501
29.444
30.323
31.078
31.657
32.021
32.145
32.021
31.657
31.078
30.323
29.444
28.501
27.558
26.680
25.925
25.346
24.982
24.662
24.781
25.130
25.686
26.410
27.253
28.158
29.063
29.907
30.631
31.186
31.536
31.655
31.536
31.186
30.631
29.907
29.063
28.158
27.253
26.410
25.686
25.130
24.781
24.469
24.584
24.918
25.451
26.145
26.954
27.821
28.689
29.497
30.192
30.724
31.059
31.173
31.059
30.724
30.192
29.497
28.689
27.821
26.954
26.145
25.451
24.918
24.584
24.280
24.389
24.710
25.220
25.885
26.659
27.490
28.321
29.095
29.760
30.270
30.591
30.700
30.591
30.270
29.760
29.095
28.321
27.490
26.659
25.885
25.220
24.710
24.389
24.094
24.199
24.506
24.994
25.630
26.370
27.165
27.960
28.700
29.336
29.824
30.131
30.236
30.131
29.824
29.336
28.700
27.960
27.165
26.370
25.630
24.994
24.506
24.199
23.912
24.012
24.305
24.771
25.379
26.087
26.846
27.606
28.313
28.921
29.387
29.680
29.780
29.680
29.387
28.921
28.313
27.606
26.846
26.087
25.379
24.771
24.305
24.012
23.733
23.829
24.109
24.554
25.134
25.809
26.534
27.258
27.934
28.514
28.959
29.238
29.334
29.238
28.959
28.514
27.934
27.258
26.534
25.809
25.134
24.554
24.109
23.829
23.558
23.649
23.916
24.340
24.893
25.537
26.227
26.918
27.562
28.114
28.539
28.805
28.896
28.805
28.539
28.114
27.562
26.918
26.227
25.537
24.893
24.340
23.916
23.649
23.387
23.474
23.727
24.131
24.657
25.270
25.927
26.585
27.198
27.724
28.127
28.381
28.468
28.381
28.127
27.724
27.198
26.585
25.927
25.270
24.657
24.131
23.727
23.474
23.220
23.302
23.543
23.927
24.427
25.009
25.634
26.259
26.842
27.342
27.725
27.967
28.049
27.967
27.725
27.342
26.842
26.259
25.634
25.009
24.427
23.927
23.543
23.302
23.056
23.134
23.363
23.727
24.202
24.754
25.348
25.941
26.493
26.968
27.332
27.561
27.639
27.561
27.332
26.968
26.493
25.941
25.348
24.754
24.202
23.727
23.363
23.134
22.896
22.970
23.187
23.532
23.982
24.505
25.068
25.630
26.153
26.603
26.948
27.165
27.239
27.165
26.948
26.603
26.153
25.630
25.068
24.505
23.982
23.532
23.187
22.970
22.740
22.810
23.015
23.342
23.767
24.263
24.794
25.326
25.822
26.247
26.574
26.779
26.849
26.779
26.574
26.247
25.822
25.326
24.794
24.263
23.767
23.342
23.015
22.810
22.588
22.654
22.848
23.156
23.558
24.026
24.528
25.030
25.498
25.900
26.209
26.403
26.469
26.403
26.209
25.900
25.498
25.030
24.528
24.026
23.558
23.156
22.848
22.654
22.439
22.502
22.684
22.975
23.354
23.795
24.269
24.742
25.184
25.563
25.853
26.036
26.098
26.036
25.853
25.563
25.184
24.742
24.269
23.795
23.354
22.975
22.684
22.502
22.295
22.354
22.526
22.799
23.156
23.571
24.017
24.462
24.877
25.234
25.507
25.679
25.738
25.679
25.507
25.234
24.877
24.462
24.017
23.571
23.156
22.799
22.526
22.354
22.155
22.210
22.372
22.628
22.963
23.353
23.771
24.190
24.580
24.914
25.171
25.333
25.388
25.333
25.171
24.914
24.580
24.190
23.771
23.353
22.963
22.628
22.372
22.210
22.019
22.071
22.222
22.463
22.776
23.141
23.533
23.925
24.291
24.604
24.845
24.996
25.048
24.996
24.845
24.604
24.291
23.925
23.533
23.141
22.776
22.463
22.222
22.071
21.887
21.935
22.077
22.302
22.595
22.936
23.303
23.669
24.010
24.304
24.528
24.670
24.718
24.670
24.528
24.304
24.010
23.669
23.303
22.936
22.595
22.302
22.077
21.935
21.760
21.805
21.936
22.146
22.419
22.738
23.079
23.421
23.739
24.012
24.222
24.354
24.399
24.354
24.222
24.012
23.739
23.421
23.079
22.738
22.419
22.146
21.936
21.805
21.636
21.678
21.801
21.996
22.250
22.546
22.863
23.181
23.477
23.731
23.926
24.048
24.090
24.048
23.926
23.731
23.477
23.181
22.863
22.546
22.250
21.996
21.801
21.678
21.517
21.556
21.669
21.850
22.086
22.360
22.655
22.949
23.223
23.459
23.640
23.754
23.792
23.754
23.640
23.459
23.223
22.949
22.655
22.360
22.086
21.850
21.669
21.556
21.402
21.438
21.543
21.710
21.928
22.181
22.454
22.726
22.979
23.197
23.364
23.469
23.505
23.469
23.364
23.197
22.979
22.726
22.454
22.181
21.928
21.710
21.543
21.438
21.291
21.324
21.421
21.575
21.776
22.009
22.260
22.511
22.744
22.945
23.099
23.196
23.229
23.196
23.099
22.945
22.744
22.511
22.260
22.009
21.776
21.575
21.421
21.324
21.185
21.215
21.304
21.446
21.630
21.844
22.074
22.304
22.519
22.703
22.844
22.933
22.963
22.933
22.844
22.703
22.519
22.304
22.074
21.844
21.630
21.446
21.304
21.215
21.083
21.111
21.192
21.321
21.490
21.686
21.896
22.106
22.302
22.470
22.600
22.681
22.708
22.681
22.600
22.470
22.302
22.106
21.896
21.686
21.490
21.321
21.192
21.111
20.986
21.011
21.085
21.203
21.356
21.534
21.725
21.917
22.095
22.248
22.366
22.440
22.465
22.440
22.366
22.248
22.095
21.917
21.725
21.534
21.356
21.203
21.085
21.011
20.893
20.916
20.983
21.089
21.228
21.389
21.563
21.736
21.898
22.036
22.143
22.210
22.232
22.210
22.143
22.036
21.898
21.736
21.563
21.389
21.228
21.089
20.983
20.916
20.805
20.825
20.885
20.981
21.106
21.252
21.408
21.564
21.710
21.835
21.930
21.991
22.011
21.991
21.930
21.835
21.710
21.564
21.408
21.252
21.106
20.981
20.885
20.825
20.721
20.739
20.793
20.879
20.991
21.121
21.261
21.401
21.531
21.643
21.729
21.783
21.801
21.783
21.729
21.643
21.531
21.401
21.261
21.121
20.991
20.879
20.793
20.739
20.641
20.657
20.705
20.782
20.881
20.997
21.122
21.246
21.362
21.462
21.538
21.586
21.603
21.586
21.538
21.462
21.362
21.246
21.122
20.997
20.881
20.782
20.705
20.657
20.566
20.581
20.623
20.691
20.778
20.881
20.991
21.101
21.203
21.291
21.359
21.401
21.415
21.401
21.359
21.291
21.203
21.101
20.991
20.881
20.778
20.691
20.623
20.581
20.496
20.509
20.546
20.605
20.682
20.771
20.868
20.964
21.054
21.131
21.190
21.227
21.240
21.227
21.190
21.131
21.054
20.964
20.868
20.771
20.682
20.605
20.546
20.509
20.430
20.441
20.473
20.525
20.591
20.669
20.753
20.836
20.914
20.981
21.032
21.064
21.075
21.064
21.032
20.981
20.914
20.836
20.753
20.669
20.591
20.525
20.473
20.441
20.369
20.378
20.406
20.450
20.507
20.574
20.646
20.717
20.784
20.841
20.885
20.913
20.922
20.913
20.885
20.841
20.784
20.717
20.646
20.574
20.507
20.450
20.406
20.378
20.312
20.320
20.344
20.381
20.430
20.486
20.547
20.608
20.664
20.713
20.750
20.773
20.781
20.773
20.750
20.713
20.664
20.608
20.547
20.486
20.430
20.381
20.344
20.320
20.261
20.267
20.287
20.318
20.358
20.406
20.456
20.507
20.554
20.594
20.625
20.645
20.652
20.645
20.625
20.594
20.554
20.507
20.456
20.406
20.358
20.318
20.287
20.267
20.213
20.219
20.235
20.260
20.294
20.332
20.374
20.415
20.454
20.487
20.512
20.528
20.534
20.528
20.512
20.487
20.454
20.415
20.374
20.332
20.294
20.260
20.235
20.219
20.171
20.175
20.188
20.209
20.235
20.266
20.299
20.332
20.363
20.390
20.410
20.423
20.427
20.423
20.410
20.390
20.363
20.332
20.299
20.266
20.235
20.209
20.188
20.175
20.133
20.137
20.147
20.162
20.183
20.207
20.233
20.259
20.283
20.304
20.320
20.330
20.333
20.330
20.320
20.304
20.283
20.259
20.233
20.207
20.183
20.162
20.147
20.137
20.100
20.103
20.110
20.122
20.138
20.156
20.175
20.195
20.213
20.228
20.240
20.248
20.250
20.248
20.240
20.228
20.213
20.195
20.175
20.156
20.138
20.122
20.110
20.103
20.072
20.073
20.079
20.087
20.099
20.111
20.125
20.139
20.152
20.163
20.172
20.177
20.179
20.177
20.172
20.163
20.152
20.139
20.125
20.111
20.099
20.087
20.079
20.073
20.048
20.049
20.053
20.059
20.066
20.075
20.084
20.093
20.102
20.109
20.115
20.119
20.120
20.119
20.115
20.109
20.102
20.093
20.084
20.075
20.066
20.059
20.053
20.049
20.029
20.030
20.032
20.035
20.040
20.045
20.051
20.056
20.062
20.066
20.070
20.072
20.073
20.072
20.070
20.066
20.062
20.056
20.051
20.045
20.040
20.035
20.032
20.030
20.015
20.015
20.016
20.018
20.020
20.023
20.026
20.029
20.031
20.034
20.036
20.037
20.037
20.037
20.036
20.034
20.031
20.029
20.026
20.023
20.020
20.018
20.016
20.015
20.005
20.005
20.006
20.007
20.007
20.008
20.009
20.010
20.011
20.012
20.013
20.013
20.013
20.013
20.013
20.012
20.011
20.010
20.009
20.008
20.007
20.007
20.006
20.005
20.001
20.001
20.001
20.001
20.001
20.001
20.001
20.001
20.001
20.001
20.001
20.001
20.001
20.001
20.001
20.001
20.001
20.001
20.001
20.001
20.001
20.001
20.001
20.001
20.001
20.001
20.001
20.001
20.001
20.001
20.001
20.001
20.001
20.001
20.001
20.001
20.001
20.001
20.001
20.001
20.001
20.001
20.001
20.001
20.001
20.001
20.001
20.001
20.005
20.005
20.006
20.007
20.007
20.008
20.009
20.010
20.011
20.012
20.013
20.013
20.013
20.013
20.013
20.012
20.011
20.010
20.009
20.008
20.007
20.007
20.006
20.005
20.015
20.015
20.016
20.018
20.020
20.023
20.026
20.029
20.031
20.034
20.036
20.037
20.037
20.037
20.036
20.034
20.031
20.029
20.026
20.023
20.020
20.018
20.016
20.015
20.029
20.030
20.032
20.035
20.040
20.045
20.051
20.056
20.062
20.066
20.070
20.072
20.073
20.072
20.070
20.066
20.062
20.056
20.051
20.045
20.040
20.035
20.032
20.030
20.048
20.049
20.053
20.059
20.066
20.075
20.084
20.093
20.102
20.109
20.115
20.119
20.120
20.119
20.115
20.109
20.102
20.093
20.084
20.075
20.066
20.059
20.053
20.049
20.072
20.073
20.079
20.087
20.099
20.111
20.125
20.139
20.152
20.163
20.172
20.177
20.179
20.177
20.172
20.163
20.152
20.139
20.125
20.111
20.099
20.087
20.079
20.073
20.100
20.103
20.110
20.122
20.138
20.156
20.175
20.195
20.213
20.228
20.240
20.248
20.250
20.248
20.240
20.228
20.213
20.195
20.175
20.156
20.138
20.122
20.110
20.103
20.133
20.137
20.147
20.162
20.183
20.207
20.233
20.259
20.283
20.304
20.320
20.330
20.333
20.330
20.320
20.304
20.283
20.259
20.233
20.207
20.183
20.162
20.147
20.137
20.171
20.175
20.188
20.209
20.235
20.266
20.299
20.332
20.363
20.390
20.410
20.423
20.427
20.423
20.410
20.390
20.363
20.332
20.299
20.266
20.235
20.209
20.188
20.175
20.213
20.219
20.235
20.260
20.294
20.332
20.374
20.415
20.454
20.487
20.512
20.528
20.534
20.528
20.512
20.487
20.454
20.415
20.374
20.332
20.294
20.260
20.235
20.219
20.261
20.267
20.287
20.318
20.358
20.406
20.456
20.507
20.554
20.594
20.625
20.645
20.652
20.645
20.625
20.594
20.554
20.507
20.456
20.406
20.358
20.318
20.287
20.267
20.312
20.320
20.344
20.381
20.430
20.486
20.547
20.608
20.664
20.713
20.750
20.773
20.781
20.773
20.750
20.713
20.664
20.608
20.547
20.486
20.430
20.381
20.344
20.320
20.369
20.378
20.406
20.450
20.507
20.574
20.646
20.717
20.784
20.841
20.885
20.913
20.922
20.913
20.885
20.841
20.784
20.717
20.646
20.574
20.507
20.450
20.406
20.378
20.430
20.441
20.473
20.525
20.591
20.669
20.753
20.836
20.914
20.981
21.032
21.064
21.075
21.064
21.032
20.981
20.914
20.836
20.753
20.669
20.591
20.525
20.473
20.441
20.496
20.509
20.546
20.605
20.682
20.771
20.868
20.964
21.054
21.131
21.190
21.227
21.240
21.227
21.190
21.131
21.054
20.964
20.868
20.771
20.682
20.605
20.546
20.509
20.566
20.581
20.623
20.691
20.778
20.881
20.991
21.101
21.203
21.291
21.359
21.401
21.415
21.401
21.359
21.291
21.203
21.101
20.991
20.881
20.778
20.691
20.623
20.581
20.641
20.657
20.705
20.782
20.881
20.997
21.122
21.246
21.362
21.462
21.538
21.586
21.603
21.586
21.538
21.462
21.362
21.246
21.122
20.997
20.881
20.782
20.705
20.657
20.721
20.739
20.793
20.879
20.991
21.121
21.261
21.401
21.531
21.643
21.729
21.783
21.801
21.783
21.729
21.643
21.531
21.401
21.261
21.121
20.991
20.879
20.793
20.739
20.805
20.825
20.885
20.981
21.106
21.252
21.408
21.564
21.710
21.835
21.930
21.991
22.011
21.991
21.930
21.835
21.710
21.564
21.408
21.252
21.106
20.981
20.885
20.825
20.893
20.916
20.983
21.089
21.228
21.389
21.563
21.736
21.898
22.036
22.143
22.210
22.232
22.210
22.143
22.036
21.898
21.736
21.563
21.389
21.228
21.089
20.983
20.916
20.986
21.011
21.085
21.203
21.356
21.534
21.725
21.917
22.095
22.248
22.366
22.440
22.465
22.440
22.366
22.248
22.095
21.917
21.725
21.534
21.356
21.203
21.085
21.011
21.083
21.111
21.192
21.321
21.490
21.686
21.896
22.106
22.302
22.470
22.600
22.681
22.708
22.681
22.600
22.470
22.302
22.106
21.896
21.686
21.490
21.321
21.192
21.111
21.185
21.215
21.304
21.446
21.630
21.844
22.074
22.304
22.519
22.703
22.844
22.933
22.963
22.933
22.844
22.703
22.519
22.304
22.074
21.844
21.630
21.446
21.304
21.215
21.291
21.324
21.421
21.575
21.776
22.009
22.260
22.511
22.744
22.945
23.099
23.196
23.229
23.196
23.099
22.945
22.744
22.511
22.260
22.009
21.776
21.575
21.421
21.324
21.402
21.438
21.543
21.710
21.928
22.181
22.454
22.726
22.979
23.197
23.364
23.469
23.505
23.469
23.364
23.197
22.979
22.726
22.454
22.181
21.928
21.710
21.543
21.438
21.517
21.556
21.669
21.850
22.086
22.360
22.655
22.949
23.223
23.459
23.640
23.754
23.792
23.754
23.640
23.459
23.223
22.949
22.655
22.360
22.086
21.850
21.669
21.556
21.636
21.678
21.801
21.996
22.250
22.546
22.863
23.181
23.477
23.731
23.926
24.048
24.090
24.048
23.926
23.731
23.477
23.181
22.863
22.546
22.250
21.996
21.801
21.678
21.760
21.805
21.936
22.146
22.419
22.738
23.079
23.421
23.739
24.012
24.222
24.354
24.399
24.354
24.222
24.012
23.739
23.421
23.079
22.738
22.419
22.146
21.936
21.805
21.887
21.935
22.077
22.302
22.595
22.936
23.303
23.669
24.010
24.304
24.528
24.670
24.718
24.670
24.528
24.304
24.010
23.669
23.303
22.936
22.595
22.302
22.077
21.935
22.019
22.071
22.222
22.463
22.776
23.141
23.533
23.925
24.291
24.604
24.845
24.996
25.048
24.996
24.845
24.604
24.291
23.925
23.533
23.141
22.776
22.463
22.222
22.071
22.155
22.210
22.372
22.628
22.963
23.353
23.771
24.190
24.580
24.914
25.171
25.333
25.388
25.333
25.171
24.914
24.580
24.190
23.771
23.353
22.963
22.628
22.372
22.210
22.295
22.354
22.526
22.799
23.156
23.571
24.017
24.462
24.877
25.234
25.507
25.679
25.738
25.679
25.507
25.234
24.877
24.462
24.017
23.571
23.156
22.799
22.526
22.354
22.439
22.502
22.684
22.975
23.354
23.795
24.269
24.742
25.184
25.563
25.853
26.036
26.098
26.036
25.853
25.563
25.184
24.742
24.269
23.795
23.354
22.975
22.684
22.502
22.588
22.654
22.848
23.156
23.558
24.026
24.528
25.030
25.498
25.900
26.209
26.403
26.469
26.403
26.209
25.900
25.498
25.030
24.528
24.026
23.558
23.156
22.848
22.654
22.740
22.810
23.015
23.342
23.767
24.263
24.794
25.326
25.822
26.247
26.574
26.779
26.849
26.779
26.574
26.247
25.822
25.326
24.794
24.263
23.767
23.342
23.015
22.810
22.896
22.970
23.187
23.532
23.982
24.505
25.068
25.630
26.153
26.603
26.948
27.165
27.239
27.165
26.948
26.603
26.153
25.630
25.068
24.505
23.982
23.532
23.187
22.970
23.056
23.134
23.363
23.727
24.202
24.754
25.348
25.941
26.493
26.968
27.332
27.561
27.639
27.561
27.332
26.968
26.493
25.941
25.348
24.754
24.202
23.727
23.363
23.134
23.220
23.302
23.543
23.927
24.427
25.009
25.634
26.259
26.842
27.342
27.725
27.967
28.049
27.967
27.725
27.342
26.842
26.259
25.634
25.009
24.427
23.927
23.543
23.302
23.387
23.474
23.727
24.131
24.657
25.270
25.927
26.585
27.198
27.724
28.127
28.381
28.468
28.381
28.127
27.724
27.198
26.585
25.927
25.270
24.657
24.131
23.727
23.474
23.558
23.649
23.916
24.340
24.893
25.537
26.227
26.918
27.562
28.114
28.539
28.805
28.896
28.805
28.539
28.114
27.562
26.918
26.227
25.537
24.893
24.340
23.916
23.649
23.733
23.829
24.109
24.554
25.134
25.809
26.534
27.258
27.934
28.514
28.959
29.238
29.334
29.238
28.959
28.514
27.934
27.258
26.534
25.809
25.134
24.554
24.109
23.829
23.912
24.012
24.305
24.771
25.379
26.087
26.846
27.606
28.313
28.921
29.387
29.680
29.780
29.680
29.387
28.921
28.313
27.606
26.846
26.087
25.379
24.771
24.305
24.012
24.094
24.199
24.506
24.994
25.630
26.370
27.165
27.960
28.700
29.336
29.824
30.131
30.236
30.131
29.824
29.336
28.700
27.960
27.165
26.370
25.630
24.994
24.506
24.199
24.280
24.389
24.710
25.220
25.885
26.659
27.490
28.321
29.095
29.760
30.270
30.591
30.700
30.591
30.270
29.760
29.095
28.321
27.490
26.659
25.885
25.220
24.710
24.389
24.469
24.584
24.918
25.451
26.145
26.954
27.821
28.689
29.497
30.192
30.724
31.059
31.173
31.059
30.724
30.192
29.497
28.689
27.821
26.954
26.145
25.451
24.918
24.584
24.662
24.781
25.130
25.686
26.410
27.253
28.158
29.063
29.907
30.631
31.186
31.536
31.655
31.536
31.186
30.631
29.907
29.063
28.158
27.253
26.410
25.686
25.130
24.781
24.858
24.982
25.346
25.925
26.680
27.558
28.501
29.444
30.323
31.078
31.657
32.021
32.145
32.021
31.657
31.078
30.323
29.444
28.501
27.558
26.680
25.925
25.346
24.982
25.057
25.187
25.565
26.168
26.954
27.869
28.850
29.832
30.747
31.532
32.135
32.514
32.643
32.514
32.135
31.532
30.747
29.832
28.850
27.869
26.954
26.168
25.565
25.187
25.260
25.394
25.788
26.415
27.232
28.184
29.205
30.226
31.177
31.994
32.621
33.015
33.150
33.015
32.621
31.994
31.177
30.226
29.205
28.184
27.232
26.415
25.788
25.394
25.466
25.605
26.015
26.666
27.515
28.504
29.565
30.626
31.614
32.463
33.115
33.524
33.664
33.524
33.115
32.463
31.614
30.626
29.565
28.504
27.515
26.666
26.015
25.605
25.674
25.819
26.245
26.921
27.802
28.829
29.930
31.032
32.058
32.940
33.616
34.041
34.186
34.041
33.616
32.940
32.058
31.032
29.930
28.829
27.802
26.921
26.245
25.819
25.886
26.037
26.478
27.179
28.094
29.158
30.301
31.444
32.508
33.423
34.124
34.565
34.716
34.565
34.124
33.423
32.508
31.444
30.301
29.158
28.094
27.179
26.478
26.037
26.101
26.257
26.714
27.442
28.389
29.493
30.677
31.862
32.965
33.913
34.640
35.097
35.253
35.097
34.640
33.913
32.965
31.862
30.677
29.493
28.389
27.442
26.714
26.257
26.319
26.481
26.954
27.707
28.689
29.832
31.058
32.285
33.428
34.410
35.163
35.636
35.798
35.636
35.163
34.410
33.428
32.285
31.058
29.832
28.689
27.707
26.954
26.481
26.540
26.707
27.197
27.976
28.992
30.175
31.445
32.714
33.897
34.913
35.692
36.182
36.350
36.182
35.692
34.913
33.897
32.714
31.445
30.175
28.992
27.976
27.197
26.707
26.763
26.936
27.443
28.249
29.300
30.523
31.836
33.149
34.372
35.423
36.229
36.735
36.908
36.735
36.229
35.423
34.372
33.149
31.836
30.523
29.300
28.249
27.443
26.936
26.990
27.168
27.692
28.525
29.611
30.875
32.232
33.589
34.853
35.939
36.772
37.295
37.474
37.295
36.772
35.939
34.853
33.589
32.232
30.875
29.611
28.525
27.692
27.168
27.219
27.403
27.944
28.804
29.925
31.231
32.632
34.034
35.339
36.461
37.321
37.862
38.046
37.862
37.321
36.461
35.339
34.034
32.632
31.231
29.925
28.804
27.944
27.403
27.450
27.640
28.199
29.087
30.244
31.591
33.038
34.484
35.831
36.989
37.877
38.435
38.625
38.435
37.877
36.989
35.831
34.484
33.038
31.591
30.244
29.087
28.199
27.640
27.684
27.880
28.456
29.372
30.566
31.956
33.447
34.939
36.329
37.522
38.438
39.014
39.210
39.014
38.438
37.522
36.329
34.939
33.447
31.956
30.566
29.372
28.456
27.880
27.921
28.123
28.716
29.661
30.891
32.324
33.861
35.399
36.831
38.062
39.006
39.599
39.802
39.599
39.006
38.062
36.831
35.399
33.861
32.324
30.891
29.661
28.716
28.123
28.160
28.368
28.979
29.952
31.219
32.695
34.279
35.863
37.339
38.606
39.579
40.190
40.399
40.190
39.579
38.606
37.339
35.863
34.279
32.695
31.219
29.952
28.979
28.368
28.401
28.615
29.245
30.246
31.551
33.071
34.701
36.332
37.852
39.157
40.158
40.787
41.002
40.787
40.158
39.157
37.852
36.332
34.701
33.071
31.551
30.246
29.245
28.615
28.644
28.865
29.513
30.543
31.886
33.450
35.127
36.805
38.369
39.712
40.742
41.390
41.611
41.390
40.742
39.712
38.369
36.805
35.127
33.450
31.886
30.543
29.513
28.865
28.890
29.117
29.783
30.843
32.224
33.832
35.557
37.283
38.891
40.272
41.332
41.998
42.225
41.998
41.332
40.272
38.891
37.283
35.557
33.832
32.224
30.843
29.783
29.117
29.138
29.371
30.056
31.145
32.564
34.217
35.991
37.765
39.418
40.837
41.926
42.611
42.844
42.611
41.926
40.837
39.418
37.765
35.991
34.217
32.564
31.145
30.056
29.371
29.388
29.627
30.331
31.450
32.908
34.606
36.428
38.250
39.949
41.407
42.526
43.229
43.469
43.229
42.526
41.407
39.949
38.250
36.428
34.606
32.908
31.450
30.331
29.627
29.639
29.886
30.608
31.757
33.254
34.998
36.869
38.740
40.484
41.981
43.130
43.852
44.098
43.852
43.130
41.981
40.484
38.740
36.869
34.998
33.254
31.757
30.608
29.886
29.893
30.146
30.887
32.066
33.603
35.392
37.313
39.233
41.023
42.559
43.738
44.480
44.732
44.480
43.738
42.559
41.023
39.233
37.313
35.392
33.603
32.066
30.887
30.146
30.148
30.408
31.168
32.378
33.954
35.790
37.760
39.730
41.565
43.142
44.351
45.112
45.371
45.112
44.351
43.142
41.565
39.730
37.760
35.790
33.954
32.378
31.168
30.408
30.406
30.672
31.451
32.691
34.308
36.190
38.210
40.230
42.112
43.728
44.969
45.748
46.014
45.748
44.969
43.728
42.112
40.230
38.210
36.190
34.308
32.691
31.451
30.672
30.664
30.937
31.736
33.007
34.664
36.593
38.663
40.733
42.662
44.319
45.590
46.389
46.661
46.389
45.590
44.319
42.662
40.733
38.663
36.593
34.664
33.007
31.736
30.937
30.925
31.204
32.023
33.325
35.022
36.998
39.119
41.239
43.215
44.912
46.215
47.033
47.312
47.033
46.215
44.912
43.215
41.239
39.119
36.998
35.022
33.325
32.023
31.204
31.187
31.473
32.311
33.644
35.382
37.406
39.577
41.749
43.772
45.510
46.843
47.681
47.967
47.681
46.843
45.510
43.772
41.749
39.577
37.406
35.382
33.644
32.311
31.473
31.450
31.743
32.601
33.966
35.744
37.815
40.038
42.261
44.332
46.110
47.475
48.333
48.626
48.333
47.475
46.110
44.332
42.261
40.038
37.815
35.744
33.966
32.601
31.743
31.715
32.014
32.892
34.288
36.108
38.227
40.501
42.775
44.894
46.714
48.110
48.988
49.287
48.988
48.110
46.714
44.894
42.775
40.501
38.227
36.108
34.288
32.892
32.014
31.981
32.287
33.185
34.613
36.474
38.641
40.967
43.292
45.460
47.321
48.749
49.646
49.952
49.646
48.749
47.321
45.460
43.292
40.967
38.641
36.474
34.613
33.185
32.287
32.248
32.561
33.479
34.939
36.841
39.057
41.434
43.812
46.027
47.930
49.390
50.307
50.620
50.307
49.390
47.930
46.027
43.812
41.434
39.057
36.841
34.939
33.479
32.561
32.516
32.836
33.774
35.266
37.210
39.474
41.904
44.333
46.597
48.542
50.033
50.971
51.291
50.971
50.033
48.542
46.597
44.333
41.904
39.474
37.210
35.266
33.774
32.836
32.786
33.112
34.070
35.594
37.580
39.893
42.375
44.857
47.170
49.156
50.680
51.638
51.964
51.638
50.680
49.156
47.170
44.857
42.375
39.893
37.580
35.594
34.070
33.112
33.056
33.390
34.368
35.924
37.952
40.314
42.848
45.382
47.744
49.772
51.328
52.306
52.640
52.306
51.328
49.772
47.744
45.382
42.848
40.314
37.952
35.924
34.368
33.390
33.327
33.668
34.666
36.255
38.325
40.736
43.323
45.910
48.320
50.390
51.979
52.977
53.318
52.977
51.979
50.390
48.320
45.910
43.323
40.736
38.325
36.255
34.666
33.668
33.599
33.947
34.966
36.586
38.699
41.159
43.798
46.438
48.898
51.010
52.631
53.650
53.998
53.650
52.631
51.010
48.898
46.438
43.798
41.159
38.699
36.586
34.966
33.947
33.872
34.226
35.266
36.919
39.074
41.583
44.276
46.968
49.477
51.632
53.286
54.325
54.679
54.325
53.286
51.632
49.477
46.968
44.276
41.583
39.074
36.919
35.266
34.226
34.145
34.507
35.566
37.252
39.449
42.008
44.754
47.500
50.058
52.255
53.941
55.001
55.363
55.001
53.941
52.255
50.058
47.500
44.754
42.008
39.449
37.252
35.566
34.507
34.419
34.787
35.868
37.586
39.826
42.434
45.233
48.032
50.640
52.880
54.598
55.679
56.047
55.679
54.598
52.880
50.640
48.032
45.233
42.434
39.826
37.586
35.868
34.787
34.693
35.069
36.170
37.921
40.203
42.861
45.713
48.565
51.223
53.505
55.257
56.357
56.733
56.357
55.257
53.505
51.223
48.565
45.713
42.861
40.203
37.921
36.170
35.069
34.968
35.350
36.472
38.256
40.581
43.288
46.194
49.099
51.807
54.132
55.916
57.037
57.420
57.037
55.916
54.132
51.807
49.099
46.194
43.288
40.581
38.256
36.472
35.350
35.243
35.632
36.774
38.591
40.959
43.716
46.675
49.634
52.391
54.759
56.576
57.718
58.107
57.718
56.576
54.759
52.391
49.634
46.675
43.716
40.959
38.591
36.774
35.632
35.518
35.915
37.077
38.927
41.337
44.144
47.157
50.169
52.976
55.386
57.236
58.399
58.795
58.399
57.236
55.386
52.976
50.169
47.157
44.144
41.337
38.927
37.077
35.915
35.793
36.197
37.380
39.263
41.716
44.573
47.639
50.704
53.561
56.014
57.897
59.080
59.484
59.080
57.897
56.014
53.561
50.704
47.639
44.573
41.716
39.263
37.380
36.197
36.069
36.480
37.683
39.599
42.095
45.001
48.120
51.240
54.146
56.642
58.558
59.761
60.172
59.761
58.558
56.642
54.146
51.240
48.120
45.001
42.095
39.599
37.683
36.480
36.344
36.762
37.987
39.935
42.473
45.430
48.602
51.775
54.732
57.270
59.218
60.443
60.861
60.443
59.218
57.270
54.732
51.775
48.602
45.430
42.473
39.935
37.987
36.762
36.620
37.044
38.290
40.270
42.852
45.858
49.084
52.310
55.317
57.898
59.879
61.124
61.549
61.124
59.879
57.898
55.317
52.310
49.084
45.858
42.852
40.270
38.290
37.044
36.895
37.326
38.592
40.606
43.230
46.286
49.566
52.845
55.901
58.525
60.539
61.805
62.237
61.805
60.539
58.525
55.901
52.845
49.566
46.286
43.230
40.606
38.592
37.326
37.170
37.608
38.895
40.941
43.608
46.714
50.047
53.380
56.485
59.152
61.199
62.485
62.924
62.485
61.199
59.152
56.485
53.380
50.047
46.714
43.608
40.941
38.895
37.608
37.444
37.890
39.197
41.276
43.986
47.141
50.527
53.913
57.069
59.778
61.857
63.164
63.610
63.164
61.857
59.778
57.069
53.913
50.527
47.141
43.986
41.276
39.197
37.890
37.718
38.171
39.498
41.610
44.362
47.567
51.007
54.446
57.651
60.403
62.515
63.842
64.295
63.842
62.515
60.403
57.651
54.446
51.007
47.567
44.362
41.610
39.498
38.171
37.992
38.451
39.799
41.944
44.739
47.993
51.485
54.978
58.232
61.027
63.171
64.519
64.979
64.519
63.171
61.027
58.232
54.978
51.485
47.993
44.739
41.944
39.799
38.451
38.265
38.731
40.100
42.277
45.114
48.418
51.963
55.509
58.812
61.649
63.826
65.195
65.662
65.195
63.826
61.649
58.812
55.509
51.963
48.418
45.114
42.277
40.100
38.731
38.537
39.011
40.400
42.609
45.488
48.841
52.440
56.038
59.391
62.270
64.480
65.869
66.342
65.869
64.480
62.270
59.391
56.038
52.440
48.841
45.488
42.609
40.400
39.011
38.809
39.289
40.698
42.940
45.862
49.264
52.915
56.566
59.968
62.890
65.131
66.541
67.021
66.541
65.131
62.890
59.968
56.566
52.915
49.264
45.862
42.940
40.698
39.289
39.079
39.567
40.996
43.270
46.234
49.685
53.389
57.092
60.543
63.507
65.781
67.210
67.698
67.210
65.781
63.507
60.543
57.092
53.389
49.685
46.234
43.270
40.996
39.567
39.349
39.844
41.293
43.599
46.605
50.105
53.861
57.617
61.117
64.122
66.428
67.878
68.373
67.878
66.428
64.122
61.117
57.617
53.861
50.105
46.605
43.599
41.293
39.844
39.618
40.119
41.589
43.927
46.975
50.523
54.331
58.139
61.688
64.735
67.073
68.543
69.045
68.543
67.073
64.735
61.688
58.139
54.331
50.523
46.975
43.927
41.589
40.119
39.886
40.394
41.884
44.254
47.343
50.940
54.800
58.660
62.257
65.346
67.716
69.206
69.714
69.206
67.716
65.346
62.257
58.660
54.800
50.940
47.343
44.254
41.884
40.394
40.152
40.667
42.177
44.579
47.709
51.355
55.266
59.178
62.823
65.954
68.356
69.865
70.380
69.865
68.356
65.954
62.823
59.178
55.266
51.355
47.709
44.579
42.177
40.667
40.418
40.939
42.469
44.903
48.074
51.767
55.731
59.694
63.387
66.559
68.992
70.522
71.044
70.522
68.992
66.559
63.387
59.694
55.731
51.767
48.074
44.903
42.469
40.939
40.682
41.210
42.760
45.225
48.437
52.178
56.193
60.207
63.948
67.161
69.626
71.175
71.704
71.175
69.626
67.161
63.948
60.207
56.193
52.178
48.437
45.225
42.760
41.210
40.944
41.480
43.049
45.545
48.798
52.587
56.652
60.718
64.507
67.760
70.256
71.825
72.361
71.825
70.256
67.760
64.507
60.718
56.652
52.587
48.798
45.545
43.049
41.480
41.205
41.747
43.336
45.864
49.158
52.993
57.110
61.226
65.062
68.355
70.883
72.472
73.014
72.472
70.883
68.355
65.062
61.226
57.110
52.993
49.158
45.864
43.336
41.747
41.465
42.014
43.622
46.180
49.515
53.397
57.564
61.731
65.613
68.948
71.506
73.114
73.663
73.114
71.506
68.948
65.613
61.731
57.564
53.397
49.515
46.180
43.622
42.014
41.723
42.278
43.906
46.495
49.869
53.799
58.016
62.232
66.162
69.536
72.125
73.753
74.308
73.753
72.125
69.536
66.162
62.232
58.016
53.799
49.869
46.495
43.906
42.278
41.980
42.541
44.188
46.808
50.222
54.198
58.464
62.731
66.706
70.121
72.740
74.387
74.949
74.387
72.740
70.121
66.706
62.731
58.464
54.198
50.222
46.808
44.188
42.541
42.234
42.802
44.468
47.118
50.572
54.594
58.910
63.226
67.247
70.701
73.351
75.017
75.585
75.017
73.351
70.701
67.247
63.226
58.910
54.594
50.572
47.118
44.468
42.802
42.487
43.061
44.746
47.426
50.919
54.987
59.352
63.717
67.784
71.277
73.958
75.642
76.217
75.642
73.958
71.277
67.784
63.717
59.352
54.987
50.919
47.426
44.746
43.061
42.738
43.319
45.022
47.732
51.264
55.377
59.791
64.205
68.317
71.849
74.559
76.263
76.844
76.263
74.559
71.849
68.317
64.205
59.791
55.377
51.264
47.732
45.022
43.319
42.986
43.574
45.296
48.036
51.606
55.764
60.226
64.688
68.846
72.417
75.156
76.879
77.466
76.879
75.156
72.417
68.846
64.688
60.226
55.764
51.606
48.036
45.296
43.574
43.233
43.827
45.568
48.337
51.946
56.148
60.658
65.168
69.370
72.979
75.748
77.489
78.083
77.489
75.748
72.979
69.370
65.168
60.658
56.148
51.946
48.337
45.568
43.827
43.478
44.078
45.837
48.635
52.282
56.529
61.086
65.643
69.890
73.537
76.335
78.094
78.694
78.094
76.335
73.537
69.890
65.643
61.086
56.529
52.282
48.635
45.837
44.078
43.720
44.326
46.104
48.931
52.615
56.906
61.510
66.115
70.405
74.090
76.917
78.694
79.300
78.694
76.917
74.090
70.405
66.115
61.510
56.906
52.615
48.931
46.104
44.326
43.960
44.573
46.368
49.224
52.945
57.279
61.930
66.581
70.915
74.637
77.493
79.288
79.901
79.288
77.493
74.637
70.915
66.581
61.930
57.279
52.945
49.224
46.368
44.573
44.198
44.816
46.629
49.514
53.272
57.649
62.346
67.044
71.421
75.179
78.063
79.876
80.495
79.876
78.063
75.179
71.421
67.044
62.346
57.649
53.272
49.514
46.629
44.816
44.433
45.058
46.888
49.800
53.596
58.015
62.758
67.501
71.921
75.716
78.628
80.459
81.083
80.459
78.628
75.716
71.921
67.501
62.758
58.015
53.596
49.800
46.888
45.058
44.666
45.296
47.145
50.084
53.916
58.378
63.166
67.954
72.415
76.247
79.187
81.035
81.665
81.035
79.187
76.247
72.415
67.954
63.166
58.378
53.916
50.084
47.145
45.296
44.896
45.533
47.398
50.365
54.232
58.736
63.568
68.401
72.905
76.772
79.739
81.604
82.241
81.604
79.739
76.772
72.905
68.401
63.568
58.736
54.232
50.365
47.398
45.533
45.124
45.766
47.648
50.643
54.545
59.090
63.967
68.844
73.388
77.291
80.285
82.168
82.810
82.168
80.285
77.291
73.388
68.844
63.967
59.090
54.545
50.643
47.648
45.766
45.349
45.997
47.896
50.917
54.855
59.440
64.360
69.281
73.866
77.804
80.825
82.724
83.372
82.724
80.825
77.804
73.866
69.281
64.360
59.440
54.855
50.917
47.896
45.997
45.571
46.224
48.140
51.188
55.160
59.785
64.749
69.713
74.338
78.310
81.358
83.274
83.927
83.274
81.358
78.310
74.338
69.713
64.749
59.785
55.160
51.188
48.140
46.224
45.790
46.449
48.382
51.456
55.462
60.127
65.133
70.139
74.804
78.810
81.884
83.816
84.475
83.816
81.884
78.810
74.804
70.139
65.133
60.127
55.462
51.456
48.382
46.449
46.007
46.671
48.620
51.719
55.759
60.463
65.511
70.560
75.264
79.304
82.403
84.352
85.016
84.352
82.403
79.304
75.264
70.560
65.511
60.463
55.759
51.719
48.620
46.671
46.220
46.890
48.855
51.980
56.052
60.795
65.885
70.975
75.717
79.790
82.915
84.880
85.550
84.880
82.915
79.790
75.717
70.975
65.885
60.795
56.052
51.980
48.855
46.890
46.430
47.106
49.086
52.236
56.342
61.123
66.253
71.384
76.165
80.270
83.420
85.401
86.076
85.401
83.420
80.270
76.165
71.384
66.253
61.123
56.342
52.236
49.086
47.106
46.638
47.318
49.314
52.489
56.627
61.445
66.616
71.787
76.605
80.743
83.918
85.913
86.594
85.913
83.918
80.743
76.605
71.787
66.616
61.445
56.627
52.489
49.314
47.318
46.842
47.528
49.539
52.738
56.908
61.763
66.973
72.184
77.039
81.208
84.407
86.419
87.105
86.419
84.407
81.208
77.039
72.184
66.973
61.763
56.908
52.738
49.539
47.528
47.043
47.734
49.760
52.983
57.184
62.075
67.325
72.574
77.466
81.666
84.890
86.916
87.607
86.916
84.890
81.666
77.466
72.574
67.325
62.075
57.184
52.983
49.760
47.734
47.240
47.937
49.978
53.224
57.456
62.383
67.671
72.959
77.886
82.117
85.364
87.405
88.101
87.405
85.364
82.117
77.886
72.959
67.671
62.383
57.456
53.224
49.978
47.937
47.435
48.136
50.191
53.461
57.723
62.685
68.011
73.336
78.299
82.560
85.830
87.886
88.587
87.886
85.830
82.560
78.299
73.336
68.011
62.685
57.723
53.461
50.191
48.136
47.626
48.332
50.402
53.694
57.985
62.982
68.345
73.708
78.705
82.996
86.288
88.358
89.064
88.358
86.288
82.996
78.705
73.708
68.345
62.982
57.985
53.694
50.402
48.332
47.813
48.524
50.608
53.923
58.243
63.274
68.673
74.072
79.103
83.423
86.738
88.822
89.533
88.822
86.738
83.423
79.103
74.072
68.673
63.274
58.243
53.923
50.608
48.524
47.997
48.713
50.810
54.147
58.496
63.560
68.995
74.430
79.494
83.843
87.180
89.278
89.993
89.278
87.180
83.843
79.494
74.430
68.995
63.560
58.496
54.147
50.810
48.713
48.178
48.898
51.009
54.367
58.744
63.841
69.311
74.781
79.878
84.254
87.613
89.724
90.444
89.724
87.613
84.254
79.878
74.781
69.311
63.841
58.744
54.367
51.009
48.898
48.355
49.079
51.204
54.583
58.987
64.116
69.620
75.124
80.253
84.658
88.037
90.162
90.886
90.162
88.037
84.658
80.253
75.124
69.620
64.116
58.987
54.583
51.204
49.079
48.528
49.257
51.394
54.794
59.226
64.386
69.923
75.461
80.621
85.053
88.453
90.590
91.319
90.590
88.453
85.053
80.621
75.461
69.923
64.386
59.226
54.794
51.394
49.257
48.697
49.431
51.581
55.001
59.459
64.649
70.220
75.791
80.981
85.439
88.859
91.009
91.743
91.009
88.859
85.439
80.981
75.791
70.220
64.649
59.459
55.001
51.581
49.431
48.863
49.600
51.763
55.203
59.686
64.907
70.510
76.113
81.334
85.817
89.257
91.420
92.157
91.420
89.257
85.817
81.334
76.113
70.510
64.907
59.686
55.203
51.763
49.600
49.025
49.766
51.941
55.401
59.909
65.159
70.793
76.427
81.678
86.186
89.645
91.820
92.562
91.820
89.645
86.186
81.678
76.427
70.793
65.159
59.909
55.401
51.941
49.766
49.183
49.929
52.115
55.593
60.126
65.405
71.070
76.735
82.013
86.546
90.025
92.211
92.957
92.211
90.025
86.546
82.013
76.735
71.070
65.405
60.126
55.593
52.115
49.929
49.337
50.087
52.285
55.781
60.338
65.645
71.340
77.034
82.341
86.898
90.394
92.593
93.342
92.593
90.394
86.898
82.341
77.034
71.340
65.645
60.338
55.781
52.285
50.087
49.487
50.241
52.450
55.964
60.545
65.879
71.602
77.326
82.660
87.240
90.755
92.964
93.718
92.964
90.755
87.240
82.660
77.326
71.602
65.879
60.545
55.964
52.450
50.241
49.633
50.391
52.611
56.143
60.746
66.106
71.858
77.610
82.971
87.574
91.106
93.326
94.083
93.326
91.106
87.574
82.971
77.610
71.858
66.106
60.746
56.143
52.611
50.391
49.775
50.536
52.767
56.316
60.941
66.327
72.107
77.887
83.273
87.898
91.447
93.678
94.438
93.678
91.447
87.898
83.273
77.887
72.107
66.327
60.941
56.316
52.767
50.536
49.913
50.678
52.919
56.485
61.131
66.542
72.349
78.155
83.566
88.212
91.778
94.019
94.784
94.019
91.778
88.212
83.566
78.155
72.349
66.542
61.131
56.485
52.919
50.678
50.047
50.815
53.067
56.648
61.315
66.750
72.583
78.416
83.851
88.518
92.099
94.351
95.118
94.351
92.099
88.518
83.851
78.416
72.583
66.750
61.315
56.648
53.067
50.815
50.177
50.948
53.209
56.806
61.494
66.952
72.810
78.668
84.126
88.814
92.411
94.672
95.443
94.672
92.411
88.814
84.126
78.668
72.810
66.952
61.494
56.806
53.209
50.948
50.303
51.077
53.348
56.959
61.666
67.148
73.030
78.912
84.393
89.100
92.712
94.982
95.757
94.982
92.712
89.100
84.393
78.912
73.030
67.148
61.666
56.959
53.348
51.077
50.424
51.202
53.481
57.107
61.833
67.336
73.242
79.148
84.651
89.377
93.003
95.283
96.060
95.283
93.003
89.377
84.651
79.148
73.242
67.336
61.833
57.107
53.481
51.202
50.541
51.322
53.610
57.250
61.994
67.518
73.447
79.375
84.900
89.644
93.284
95.572
96.353
95.572
93.284
89.644
84.900
79.375
73.447
67.518
61.994
57.250
53.610
51.322
50.654
51.437
53.734
57.388
62.149
67.694
73.644
79.595
85.139
89.901
93.554
95.851
96.635
95.851
93.554
89.901
85.139
79.595
73.644
67.694
62.149
57.388
53.734
51.437
50.762
51.548
53.853
57.520
62.298
67.863
73.834
79.805
85.370
90.148
93.815
96.119
96.906
96.119
93.815
90.148
85.370
79.805
73.834
67.863
62.298
57.520
53.853
51.548
50.866
51.655
53.968
57.647
62.441
68.024
74.016
80.008
85.591
90.385
94.064
96.377
97.166
96.377
94.064
90.385
85.591
80.008
74.016
68.024
62.441
57.647
53.968
51.655
50.966
51.757
54.077
57.768
62.578
68.179
74.190
80.201
85.803
90.612
94.303
96.623
97.415
96.623
94.303
90.612
85.803
80.201
74.190
68.179
62.578
57.768
54.077
51.757
51.061
51.855
54.182
57.884
62.709
68.327
74.357
80.386
86.005
90.830
94.532
96.859
97.653
96.859
94.532
90.830
86.005
80.386
74.357
68.327
62.709
57.884
54.182
51.855
51.152
51.948
54.282
57.995
62.834
68.469
74.516
80.563
86.198
91.036
94.749
97.083
97.880
97.083
94.749
91.036
86.198
80.563
74.516
68.469
62.834
57.995
54.282
51.948
51.238
52.036
54.377
58.100
62.952
68.603
74.667
80.730
86.381
91.233
94.956
97.297
98.095
97.297
94.956
91.233
86.381
80.730
74.667
68.603
62.952
58.100
54.377
52.036
51.320
52.120
54.467
58.200
63.065
68.730
74.810
80.889
86.554
91.419
95.152
97.499
98.299
97.499
95.152
91.419
86.554
80.889
74.810
68.730
63.065
58.200
54.467
52.120
51.397
52.199
54.552
58.294
63.171
68.850
74.945
81.039
86.719
91.595
95.338
97.690
98.492
97.690
95.338
91.595
86.719
81.039
74.945
68.850
63.171
58.294
54.552
52.199
